2 1 3 1 2 1 3 1 2 1
1 2 1 3 1 2 1 3 1 2
3 1 2 1 3 1 2 1 3 1
1 3 1 2 1 3 1 2 1 3
2 1 3 1 2 1 3 1 2 1
1 2 1 3 1 2 1 3 1 2
3 1 2 1 3 1 2 1 3 1
1 3 1 2 1 3 1 2 1 3
2 1 3 1 2 1 3 1 2 1
1 2 1 3 1 2 1 3 1 2

 1  2  3  4  5  6  7  7  7  8
 1  3  3  9  5 10 10 11 12 13
 1 14  9  9  5 15 11 11 13 13
16 16 17 18 18 18 19 20 21 22
16 23 24 25 25 26 20 20 27 22
28 24 24 29 29 29 30 27 27 22
31 32 32 33 33 34 35 35 35 36
31 32 37 33 38 39 40 41 41 41
31 42 42 43 39 39 44 44 44 45
46 42 47 48 48 48 49 50 50 50

